# TESS Program G04165

Title: Studying The Outbursts Of Am CVns With TESS

PI: Rivera Sandoval, Liliana - University Of Alberta

Type: MINI

Summary: AM CVns are binaries with 5 < Porb < 68 mins in which a white dwarf (WD) accretes He-rich material from another WD or a He star. AM CVns are rare systems. Until now we know 58 objects, of which 40 have shown outbursts, which are not well understood. Recent studies that include more data and exclude upper limits have shown that the relation Porb and superoutburst duration is much flatter than previously believed. Likely the relations between Porb and the recurrence time, and the amplitude are strongly affected by upper limits as well. This has implications for accretion models in AM CVns. For TESS Cycle 4 we request monitoring of 30 AM CVns at 20sec cadence to study their outbursts, in particular enhance mass-transfer mechanisms, and to study flares and flickering in persistent systems.


# Sector 040 targets observed (2 min: 5, 20 s: 5)
1884076062,291.1593,59.6962,18.7,G04165;G04009;20SECONDTARGET
1400773519,262.6983,55.7549,20.05,G04165;20SECONDTARGET
121107327,287.0711,39.6768,16.35,G04165;G04137;G04046;20SECONDTARGET
1717025833,289.7716,48.2517,19.96,G04165;20SECONDTARGET
1201247611,242.8915,63.1421,18.03,G04165;20SECONDTARGET

# Sector 041 targets observed (2 min: 5, 20 s: 5)
1884076062,291.1593,59.6962,18.7,G04165;G04009;20SECONDTARGET
121107327,287.0711,39.6768,16.35,G04165;G04137;G04046;20SECONDTARGET
1717025833,289.7716,48.2517,19.96,G04165;20SECONDTARGET
1400773519,262.6983,55.7549,20.05,G04165;20SECONDTARGET
1201247611,242.8915,63.1421,18.03,G04165;20SECONDTARGET

# Sector 042 targets observed (2 min: 1, 20 s: 1)
611353809,16.4588,19.0548,19.72,G04165;20SECONDTARGET

# Sector 043 targets observed (2 min: 1, 20 s: 1)
611353809,16.4588,19.0548,19.72,G04165;20SECONDTARGET

# Sector 044 targets observed (2 min: 2, 20 s: 2)
740789287,116.0823,32.9134,19.75,G04165;20SECONDTARGET
471016766,134.3511,7.4963,16.5,G04165;20SECONDTARGET

# Sector 040 targets observed (2 min: 5, 20 s: 5)
1884076062,291.1593,59.6962,18.7,G04165;G04009;20SECONDTARGET
1400773519,262.6983,55.7549,20.05,G04165;20SECONDTARGET
121107327,287.0711,39.6768,16.35,G04165;G04137;G04046;20SECONDTARGET
1717025833,289.7716,48.2517,19.96,G04165;20SECONDTARGET
1201247611,242.8915,63.1421,18.03,G04165;20SECONDTARGET

# Sector 041 targets observed (2 min: 5, 20 s: 5)
1884076062,291.1593,59.6962,18.7,G04165;G04009;20SECONDTARGET
121107327,287.0711,39.6768,16.35,G04165;G04137;G04046;20SECONDTARGET
1717025833,289.7716,48.2517,19.96,G04165;20SECONDTARGET
1400773519,262.6983,55.7549,20.05,G04165;20SECONDTARGET
1201247611,242.8915,63.1421,18.03,G04165;20SECONDTARGET

# Sector 042 targets observed (2 min: 1, 20 s: 1)
611353809,16.4588,19.0548,19.72,G04165;20SECONDTARGET

# Sector 043 targets observed (2 min: 1, 20 s: 1)
611353809,16.4588,19.0548,19.72,G04165;20SECONDTARGET

# Sector 044 targets observed (2 min: 2, 20 s: 2)
740789287,116.0823,32.9134,19.75,G04165;20SECONDTARGET
471016766,134.3511,7.4963,16.5,G04165;20SECONDTARGET

# Sector 040 targets observed (2 min: 5, 20 s: 5)
1884076062,291.1593,59.6962,18.7,G04165;G04009;20SECONDTARGET
1400773519,262.6983,55.7549,20.05,G04165;20SECONDTARGET
121107327,287.0711,39.6768,16.35,G04165;G04137;G04046;20SECONDTARGET
1717025833,289.7716,48.2517,19.96,G04165;20SECONDTARGET
1201247611,242.8915,63.1421,18.03,G04165;20SECONDTARGET

# Sector 041 targets observed (2 min: 5, 20 s: 5)
1884076062,291.1593,59.6962,18.7,G04165;G04009;20SECONDTARGET
121107327,287.0711,39.6768,16.35,G04165;G04137;G04046;20SECONDTARGET
1717025833,289.7716,48.2517,19.96,G04165;20SECONDTARGET
1400773519,262.6983,55.7549,20.05,G04165;20SECONDTARGET
1201247611,242.8915,63.1421,18.03,G04165;20SECONDTARGET

# Sector 042 targets observed (2 min: 1, 20 s: 1)
611353809,16.4588,19.0548,19.72,G04165;20SECONDTARGET

# Sector 043 targets observed (2 min: 1, 20 s: 1)
611353809,16.4588,19.0548,19.72,G04165;20SECONDTARGET

# Sector 044 targets observed (2 min: 2, 20 s: 2)
740789287,116.0823,32.9134,19.75,G04165;20SECONDTARGET
471016766,134.3511,7.4963,16.5,G04165;20SECONDTARGET

# Sector 045 targets observed (2 min: 2, 20 s: 2)
740789287,116.0823,32.9134,19.75,G04165;20SECONDTARGET
471016766,134.3511,7.4963,16.5,G04165;20SECONDTARGET

# Sector 046 targets observed (2 min: 2, 20 s: 2)
740789287,116.0823,32.9134,19.75,G04165;20SECONDTARGET
471016766,134.3511,7.4963,16.5,G04165;20SECONDTARGET

# Sector 040 targets observed (2 min: 5, 20 s: 5)
1884076062,291.1593,59.6962,18.7,G04165;G04009;20SECONDTARGET
1400773519,262.6983,55.7549,20.05,G04165;20SECONDTARGET
121107327,287.0711,39.6768,16.35,G04165;G04137;G04046;20SECONDTARGET
1717025833,289.7716,48.2517,19.96,G04165;20SECONDTARGET
1201247611,242.8915,63.1421,18.03,G04165;20SECONDTARGET

# Sector 041 targets observed (2 min: 5, 20 s: 5)
1884076062,291.1593,59.6962,18.7,G04165;G04009;20SECONDTARGET
121107327,287.0711,39.6768,16.35,G04165;G04137;G04046;20SECONDTARGET
1717025833,289.7716,48.2517,19.96,G04165;20SECONDTARGET
1400773519,262.6983,55.7549,20.05,G04165;20SECONDTARGET
1201247611,242.8915,63.1421,18.03,G04165;20SECONDTARGET

# Sector 042 targets observed (2 min: 1, 20 s: 1)
611353809,16.4588,19.0548,19.72,G04165;20SECONDTARGET

# Sector 043 targets observed (2 min: 1, 20 s: 1)
611353809,16.4588,19.0548,19.72,G04165;20SECONDTARGET

# Sector 044 targets observed (2 min: 2, 20 s: 2)
740789287,116.0823,32.9134,19.75,G04165;20SECONDTARGET
471016766,134.3511,7.4963,16.5,G04165;20SECONDTARGET

# Sector 045 targets observed (2 min: 2, 20 s: 2)
740789287,116.0823,32.9134,19.75,G04165;20SECONDTARGET
471016766,134.3511,7.4963,16.5,G04165;20SECONDTARGET

# Sector 046 targets observed (2 min: 2, 20 s: 2)
740789287,116.0823,32.9134,19.75,G04165;20SECONDTARGET
471016766,134.3511,7.4963,16.5,G04165;20SECONDTARGET

# Sector 040 targets observed (2 min: 5, 20 s: 5)
1884076062,291.1593,59.6962,18.7,G04165;G04009;20SECONDTARGET
1400773519,262.6983,55.7549,20.05,G04165;20SECONDTARGET
121107327,287.0711,39.6768,16.35,G04165;G04137;G04046;20SECONDTARGET
1717025833,289.7716,48.2517,19.96,G04165;20SECONDTARGET
1201247611,242.8915,63.1421,18.03,G04165;20SECONDTARGET

# Sector 041 targets observed (2 min: 5, 20 s: 5)
1884076062,291.1593,59.6962,18.7,G04165;G04009;20SECONDTARGET
121107327,287.0711,39.6768,16.35,G04165;G04137;G04046;20SECONDTARGET
1717025833,289.7716,48.2517,19.96,G04165;20SECONDTARGET
1400773519,262.6983,55.7549,20.05,G04165;20SECONDTARGET
1201247611,242.8915,63.1421,18.03,G04165;20SECONDTARGET

# Sector 042 targets observed (2 min: 1, 20 s: 1)
611353809,16.4588,19.0548,19.72,G04165;20SECONDTARGET

# Sector 043 targets observed (2 min: 1, 20 s: 1)
611353809,16.4588,19.0548,19.72,G04165;20SECONDTARGET

# Sector 044 targets observed (2 min: 2, 20 s: 2)
740789287,116.0823,32.9134,19.75,G04165;20SECONDTARGET
471016766,134.3511,7.4963,16.5,G04165;20SECONDTARGET

# Sector 045 targets observed (2 min: 2, 20 s: 2)
740789287,116.0823,32.9134,19.75,G04165;20SECONDTARGET
471016766,134.3511,7.4963,16.5,G04165;20SECONDTARGET

# Sector 046 targets observed (2 min: 2, 20 s: 2)
740789287,116.0823,32.9134,19.75,G04165;20SECONDTARGET
471016766,134.3511,7.4963,16.5,G04165;20SECONDTARGET

# Sector 047 targets observed (2 min: 5, 20 s: 5)
150023493,109.8005,48.9763,18.71,G04165;20SECONDTARGET
740789287,116.0823,32.9134,19.75,G04165;20SECONDTARGET
1201247611,242.8915,63.1421,18.03,G04165;20SECONDTARGET
1400773519,262.6983,55.7549,20.05,G04165;20SECONDTARGET
1884076062,291.1593,59.6962,18.7,G04165;G04009;20SECONDTARGET

# Sector 040 targets observed (2 min: 5, 20 s: 5)
1884076062,291.1593,59.6962,18.7,G04165;G04009;20SECONDTARGET
1400773519,262.6983,55.7549,20.05,G04165;20SECONDTARGET
121107327,287.0711,39.6768,16.35,G04165;G04137;G04046;20SECONDTARGET
1717025833,289.7716,48.2517,19.96,G04165;20SECONDTARGET
1201247611,242.8915,63.1421,18.03,G04165;20SECONDTARGET

# Sector 041 targets observed (2 min: 5, 20 s: 5)
1884076062,291.1593,59.6962,18.7,G04165;G04009;20SECONDTARGET
121107327,287.0711,39.6768,16.35,G04165;G04137;G04046;20SECONDTARGET
1717025833,289.7716,48.2517,19.96,G04165;20SECONDTARGET
1400773519,262.6983,55.7549,20.05,G04165;20SECONDTARGET
1201247611,242.8915,63.1421,18.03,G04165;20SECONDTARGET

# Sector 042 targets observed (2 min: 1, 20 s: 1)
611353809,16.4588,19.0548,19.72,G04165;20SECONDTARGET

# Sector 043 targets observed (2 min: 1, 20 s: 1)
611353809,16.4588,19.0548,19.72,G04165;20SECONDTARGET

# Sector 044 targets observed (2 min: 2, 20 s: 2)
740789287,116.0823,32.9134,19.75,G04165;20SECONDTARGET
471016766,134.3511,7.4963,16.5,G04165;20SECONDTARGET

# Sector 045 targets observed (2 min: 2, 20 s: 2)
740789287,116.0823,32.9134,19.75,G04165;20SECONDTARGET
471016766,134.3511,7.4963,16.5,G04165;20SECONDTARGET

# Sector 046 targets observed (2 min: 2, 20 s: 2)
740789287,116.0823,32.9134,19.75,G04165;20SECONDTARGET
471016766,134.3511,7.4963,16.5,G04165;20SECONDTARGET

# Sector 047 targets observed (2 min: 5, 20 s: 5)
150023493,109.8005,48.9763,18.71,G04165;20SECONDTARGET
740789287,116.0823,32.9134,19.75,G04165;20SECONDTARGET
1201247611,242.8915,63.1421,18.03,G04165;20SECONDTARGET
1400773519,262.6983,55.7549,20.05,G04165;20SECONDTARGET
1884076062,291.1593,59.6962,18.7,G04165;G04009;20SECONDTARGET

# Sector 040 targets observed (2 min: 5, 20 s: 5)
1884076062,291.1593,59.6962,18.7,G04165;G04009;20SECONDTARGET
1400773519,262.6983,55.7549,20.05,G04165;20SECONDTARGET
121107327,287.0711,39.6768,16.35,G04165;G04137;G04046;20SECONDTARGET
1717025833,289.7716,48.2517,19.96,G04165;20SECONDTARGET
1201247611,242.8915,63.1421,18.03,G04165;20SECONDTARGET

# Sector 041 targets observed (2 min: 5, 20 s: 5)
1884076062,291.1593,59.6962,18.7,G04165;G04009;20SECONDTARGET
121107327,287.0711,39.6768,16.35,G04165;G04137;G04046;20SECONDTARGET
1717025833,289.7716,48.2517,19.96,G04165;20SECONDTARGET
1400773519,262.6983,55.7549,20.05,G04165;20SECONDTARGET
1201247611,242.8915,63.1421,18.03,G04165;20SECONDTARGET

# Sector 042 targets observed (2 min: 1, 20 s: 1)
611353809,16.4588,19.0548,19.72,G04165;20SECONDTARGET

# Sector 043 targets observed (2 min: 1, 20 s: 1)
611353809,16.4588,19.0548,19.72,G04165;20SECONDTARGET

# Sector 044 targets observed (2 min: 2, 20 s: 2)
740789287,116.0823,32.9134,19.75,G04165;20SECONDTARGET
471016766,134.3511,7.4963,16.5,G04165;20SECONDTARGET

# Sector 045 targets observed (2 min: 2, 20 s: 2)
740789287,116.0823,32.9134,19.75,G04165;20SECONDTARGET
471016766,134.3511,7.4963,16.5,G04165;20SECONDTARGET

# Sector 046 targets observed (2 min: 2, 20 s: 2)
740789287,116.0823,32.9134,19.75,G04165;20SECONDTARGET
471016766,134.3511,7.4963,16.5,G04165;20SECONDTARGET

# Sector 047 targets observed (2 min: 5, 20 s: 5)
150023493,109.8005,48.9763,18.71,G04165;20SECONDTARGET
740789287,116.0823,32.9134,19.75,G04165;20SECONDTARGET
1201247611,242.8915,63.1421,18.03,G04165;20SECONDTARGET
1400773519,262.6983,55.7549,20.05,G04165;20SECONDTARGET
1884076062,291.1593,59.6962,18.7,G04165;G04009;20SECONDTARGET

# Sector 040 targets observed (2 min: 5, 20 s: 5)
1884076062,291.1593,59.6962,18.7,G04165;G04009;20SECONDTARGET
1400773519,262.6983,55.7549,20.05,G04165;20SECONDTARGET
121107327,287.0711,39.6768,16.35,G04165;G04137;G04046;20SECONDTARGET
1717025833,289.7716,48.2517,19.96,G04165;20SECONDTARGET
1201247611,242.8915,63.1421,18.03,G04165;20SECONDTARGET

# Sector 041 targets observed (2 min: 5, 20 s: 5)
1884076062,291.1593,59.6962,18.7,G04165;G04009;20SECONDTARGET
121107327,287.0711,39.6768,16.35,G04165;G04137;G04046;20SECONDTARGET
1717025833,289.7716,48.2517,19.96,G04165;20SECONDTARGET
1400773519,262.6983,55.7549,20.05,G04165;20SECONDTARGET
1201247611,242.8915,63.1421,18.03,G04165;20SECONDTARGET

# Sector 042 targets observed (2 min: 1, 20 s: 1)
611353809,16.4588,19.0548,19.72,G04165;20SECONDTARGET

# Sector 043 targets observed (2 min: 1, 20 s: 1)
611353809,16.4588,19.0548,19.72,G04165;20SECONDTARGET

# Sector 044 targets observed (2 min: 2, 20 s: 2)
740789287,116.0823,32.9134,19.75,G04165;20SECONDTARGET
471016766,134.3511,7.4963,16.5,G04165;20SECONDTARGET

# Sector 045 targets observed (2 min: 2, 20 s: 2)
740789287,116.0823,32.9134,19.75,G04165;20SECONDTARGET
471016766,134.3511,7.4963,16.5,G04165;20SECONDTARGET

# Sector 046 targets observed (2 min: 2, 20 s: 2)
740789287,116.0823,32.9134,19.75,G04165;20SECONDTARGET
471016766,134.3511,7.4963,16.5,G04165;20SECONDTARGET

# Sector 047 targets observed (2 min: 5, 20 s: 5)
150023493,109.8005,48.9763,18.71,G04165;20SECONDTARGET
740789287,116.0823,32.9134,19.75,G04165;20SECONDTARGET
1201247611,242.8915,63.1421,18.03,G04165;20SECONDTARGET
1400773519,262.6983,55.7549,20.05,G04165;20SECONDTARGET
1884076062,291.1593,59.6962,18.7,G04165;G04009;20SECONDTARGET

# Sector 048 targets observed (2 min: 7, 20 s: 7)
840677121,141.6611,36.4007,19.47,G04165;20SECONDTARGET
900474547,160.8545,56.5494,20.57,G04165;20SECONDTARGET
900157782,174.3849,40.9159,19.09,G04165;20SECONDTARGET
950467234,199.9768,59.2541,19.11,G04165;20SECONDTARGET
1201247611,242.8915,63.1421,18.03,G04165;20SECONDTARGET
1400773519,262.6983,55.7549,20.05,G04165;20SECONDTARGET
1884076062,291.1593,59.6962,18.7,G04165;G04009;20SECONDTARGET

# Sector 049 targets observed (2 min: 7, 20 s: 7)
321453404,188.7278,37.629,14.34,G04165;G04137;G04009;G04046;G04177;20SECONDTARGET
954326696,182.1742,35.84,18.86,G04165;20SECONDTARGET
950467234,199.9768,59.2541,19.11,G04165;20SECONDTARGET
1001089657,212.8262,48.2162,19.68,G04165;G04009;20SECONDTARGET
1201247611,242.8915,63.1421,18.03,G04165;20SECONDTARGET
1400773519,262.6983,55.7549,20.05,G04165;20SECONDTARGET
1884076062,291.1593,59.6962,18.7,G04165;G04009;20SECONDTARGET

# Sector 050 targets observed (2 min: 6, 20 s: 6)
157201137,196.4244,18.0179,15.99,G04165;G04137;G04200;G04046;20SECONDTARGET
1101716871,231.2899,36.0151,19.51,G04165;20SECONDTARGET
1001089657,212.8262,48.2162,19.68,G04165;G04009;20SECONDTARGET
1201247611,242.8915,63.1421,18.03,G04165;20SECONDTARGET
1400773519,262.6983,55.7549,20.05,G04165;20SECONDTARGET
1884076062,291.1593,59.6962,18.7,G04165;G04009;20SECONDTARGET
