# TESS Program G04176

Title: Monitoring The Jwst Spectrophotometric Standards

PI: Mullally, Susan - Space Telescope Science Institute

Type: MINI

Summary: We propose to obtain TESS 2-minute cadence data to monitor 31 of the James Webb Space Telescope (JWST) spectrophotometric standard stars for variability. These stars are necessary to accurately calibrate the absolute and relative flux JWST receives across its range of infrared wavebands. By monitoring these stars we will look for evidence of brightness variations due to flares, pulsations or stellar spots. Additionally, we will check whether star light is occasionally blocked by planets, other stars, or dust. TESS' all-sky survey has given us the opportunity to easily monitor the photometric stability of standard stars, which will enable the JWST calibrations team to provide the best possible calibrations of the JWST observations.


# Sector 040 targets observed (2 min: 13, 20 s: 1)
198456033,261.52,58.652,6.38,G04176
219820925,268.1057,60.3966,6.68,G04176
233067231,270.6132,60.7265,12.0,G04176
219752116,261.2179,60.4308,9.7,G04176
219897252,263.2193,71.0786,12.46,G04176
233205654,265.7687,66.9171,13.3,G04176
219114641,272.1448,69.458,11.92,G04176;G04103
229945862,288.1966,64.1769,9.34,G04176
233095291,273.0399,63.4951,11.6,G04176
383676357,279.3895,62.5269,5.78,G04176
219015049,222.9906,71.7216,11.46,G04176;G04191
383553764,263.0552,86.5868,4.36,G04176;G04125
147921014,165.1419,71.634,15.12,G04176;G04200;G04137;G04036;20SECONDTARGET

# Sector 041 targets observed (2 min: 15, 20 s: 3)
229945862,288.1966,64.1769,9.34,G04176
383676357,279.3895,62.5269,5.78,G04176
27533327,295.4653,50.5166,5.63,G04176;G04059;G04104;G04180;G04098;20SECONDTARGET
27533341,295.4526,50.5241,5.39,G04104;G04176;G04059;G04180;20SECONDTARGET
198456033,261.52,58.652,6.38,G04176
219752116,261.2179,60.4308,9.7,G04176
219820925,268.1057,60.3966,6.68,G04176
233067231,270.6132,60.7265,12.0,G04176
233075513,271.372,64.4645,12.23,G04176
233095291,273.0399,63.4951,11.6,G04176
233205654,265.7687,66.9171,13.3,G04176
219114641,272.1448,69.458,11.92,G04176;G04103
219897252,263.2193,71.0786,12.46,G04176
219015049,222.9906,71.7216,11.46,G04176;G04191
147921014,165.1419,71.634,15.12,G04176;G04200;G04137;G04036;20SECONDTARGET

# Sector 042 targets observed (2 min: 1, 20 s: 0)
381024911,37.04,8.46,4.33,G04176;G04125

# Sector 043 targets observed (2 min: 2, 20 s: 0)
381024911,37.04,8.46,4.33,G04176;G04125
75586606,85.4766,29.2973,8.2,G04176;G04123;G04106

# Sector 044 targets observed (2 min: 3, 20 s: 1)
247923021,88.1156,15.886,13.42,G04176;G04200;G04137;G04036;20SECONDTARGET
75586606,85.4766,29.2973,8.2,G04176;G04123;G04106
440765193,108.6304,13.8602,9.38,G04176

# Sector 040 targets observed (2 min: 13, 20 s: 1)
198456033,261.52,58.652,6.38,G04176
219820925,268.1057,60.3966,6.68,G04176
233067231,270.6132,60.7265,12.0,G04176
219752116,261.2179,60.4308,9.7,G04176
219897252,263.2193,71.0786,12.46,G04176
233205654,265.7687,66.9171,13.3,G04176
219114641,272.1448,69.458,11.92,G04176;G04103
229945862,288.1966,64.1769,9.34,G04176
233095291,273.0399,63.4951,11.6,G04176
383676357,279.3895,62.5269,5.78,G04176
219015049,222.9906,71.7216,11.46,G04176;G04191
383553764,263.0552,86.5868,4.36,G04176;G04125
147921014,165.1419,71.634,15.12,G04176;G04200;G04137;G04036;20SECONDTARGET

# Sector 041 targets observed (2 min: 15, 20 s: 3)
229945862,288.1966,64.1769,9.34,G04176
383676357,279.3895,62.5269,5.78,G04176
27533327,295.4653,50.5166,5.63,G04176;G04059;G04104;G04180;G04098;20SECONDTARGET
27533341,295.4526,50.5241,5.39,G04104;G04176;G04059;G04180;20SECONDTARGET
198456033,261.52,58.652,6.38,G04176
219752116,261.2179,60.4308,9.7,G04176
219820925,268.1057,60.3966,6.68,G04176
233067231,270.6132,60.7265,12.0,G04176
233075513,271.372,64.4645,12.23,G04176
233095291,273.0399,63.4951,11.6,G04176
233205654,265.7687,66.9171,13.3,G04176
219114641,272.1448,69.458,11.92,G04176;G04103
219897252,263.2193,71.0786,12.46,G04176
219015049,222.9906,71.7216,11.46,G04176;G04191
147921014,165.1419,71.634,15.12,G04176;G04200;G04137;G04036;20SECONDTARGET

# Sector 042 targets observed (2 min: 1, 20 s: 0)
381024911,37.04,8.46,4.33,G04176;G04125

# Sector 043 targets observed (2 min: 2, 20 s: 0)
381024911,37.04,8.46,4.33,G04176;G04125
75586606,85.4766,29.2973,8.2,G04176;G04123;G04106

# Sector 044 targets observed (2 min: 3, 20 s: 1)
247923021,88.1156,15.886,13.42,G04176;G04200;G04137;G04036;20SECONDTARGET
75586606,85.4766,29.2973,8.2,G04176;G04123;G04106
440765193,108.6304,13.8602,9.38,G04176

# Sector 040 targets observed (2 min: 13, 20 s: 1)
198456033,261.52,58.652,6.38,G04176
219820925,268.1057,60.3966,6.68,G04176
233067231,270.6132,60.7265,12.0,G04176
219752116,261.2179,60.4308,9.7,G04176
219897252,263.2193,71.0786,12.46,G04176
233205654,265.7687,66.9171,13.3,G04176
219114641,272.1448,69.458,11.92,G04176;G04103
229945862,288.1966,64.1769,9.34,G04176
233095291,273.0399,63.4951,11.6,G04176
383676357,279.3895,62.5269,5.78,G04176
219015049,222.9906,71.7216,11.46,G04176;G04191
383553764,263.0552,86.5868,4.36,G04176;G04125
147921014,165.1419,71.634,15.12,G04176;G04200;G04137;G04036;20SECONDTARGET

# Sector 041 targets observed (2 min: 15, 20 s: 3)
229945862,288.1966,64.1769,9.34,G04176
383676357,279.3895,62.5269,5.78,G04176
27533327,295.4653,50.5166,5.63,G04176;G04059;G04104;G04180;G04098;20SECONDTARGET
27533341,295.4526,50.5241,5.39,G04104;G04176;G04059;G04180;20SECONDTARGET
198456033,261.52,58.652,6.38,G04176
219752116,261.2179,60.4308,9.7,G04176
219820925,268.1057,60.3966,6.68,G04176
233067231,270.6132,60.7265,12.0,G04176
233075513,271.372,64.4645,12.23,G04176
233095291,273.0399,63.4951,11.6,G04176
233205654,265.7687,66.9171,13.3,G04176
219114641,272.1448,69.458,11.92,G04176;G04103
219897252,263.2193,71.0786,12.46,G04176
219015049,222.9906,71.7216,11.46,G04176;G04191
147921014,165.1419,71.634,15.12,G04176;G04200;G04137;G04036;20SECONDTARGET

# Sector 042 targets observed (2 min: 1, 20 s: 0)
381024911,37.04,8.46,4.33,G04176;G04125

# Sector 043 targets observed (2 min: 2, 20 s: 0)
381024911,37.04,8.46,4.33,G04176;G04125
75586606,85.4766,29.2973,8.2,G04176;G04123;G04106

# Sector 044 targets observed (2 min: 3, 20 s: 1)
247923021,88.1156,15.886,13.42,G04176;G04200;G04137;G04036;20SECONDTARGET
75586606,85.4766,29.2973,8.2,G04176;G04123;G04106
440765193,108.6304,13.8602,9.38,G04176

# Sector 045 targets observed (2 min: 3, 20 s: 1)
75586606,85.4766,29.2973,8.2,G04176;G04123;G04106
247923021,88.1156,15.886,13.42,G04176;G04200;G04137;G04036;20SECONDTARGET
440765193,108.6304,13.8602,9.38,G04176

# Sector 046 targets observed (2 min: 2, 20 s: 0)
440765193,108.6304,13.8602,9.38,G04176
397558558,183.3731,10.0399,6.85,G04176;G04098;G04191

# Sector 040 targets observed (2 min: 13, 20 s: 1)
198456033,261.52,58.652,6.38,G04176
219820925,268.1057,60.3966,6.68,G04176
233067231,270.6132,60.7265,12.0,G04176
219752116,261.2179,60.4308,9.7,G04176
219897252,263.2193,71.0786,12.46,G04176
233205654,265.7687,66.9171,13.3,G04176
219114641,272.1448,69.458,11.92,G04176;G04103
229945862,288.1966,64.1769,9.34,G04176
233095291,273.0399,63.4951,11.6,G04176
383676357,279.3895,62.5269,5.78,G04176
219015049,222.9906,71.7216,11.46,G04176;G04191
383553764,263.0552,86.5868,4.36,G04176;G04125
147921014,165.1419,71.634,15.12,G04176;G04200;G04137;G04036;20SECONDTARGET

# Sector 041 targets observed (2 min: 15, 20 s: 3)
229945862,288.1966,64.1769,9.34,G04176
383676357,279.3895,62.5269,5.78,G04176
27533327,295.4653,50.5166,5.63,G04176;G04059;G04104;G04180;G04098;20SECONDTARGET
27533341,295.4526,50.5241,5.39,G04104;G04176;G04059;G04180;20SECONDTARGET
198456033,261.52,58.652,6.38,G04176
219752116,261.2179,60.4308,9.7,G04176
219820925,268.1057,60.3966,6.68,G04176
233067231,270.6132,60.7265,12.0,G04176
233075513,271.372,64.4645,12.23,G04176
233095291,273.0399,63.4951,11.6,G04176
233205654,265.7687,66.9171,13.3,G04176
219114641,272.1448,69.458,11.92,G04176;G04103
219897252,263.2193,71.0786,12.46,G04176
219015049,222.9906,71.7216,11.46,G04176;G04191
147921014,165.1419,71.634,15.12,G04176;G04200;G04137;G04036;20SECONDTARGET

# Sector 042 targets observed (2 min: 1, 20 s: 0)
381024911,37.04,8.46,4.33,G04176;G04125

# Sector 043 targets observed (2 min: 2, 20 s: 0)
381024911,37.04,8.46,4.33,G04176;G04125
75586606,85.4766,29.2973,8.2,G04176;G04123;G04106

# Sector 044 targets observed (2 min: 3, 20 s: 1)
247923021,88.1156,15.886,13.42,G04176;G04200;G04137;G04036;20SECONDTARGET
75586606,85.4766,29.2973,8.2,G04176;G04123;G04106
440765193,108.6304,13.8602,9.38,G04176

# Sector 045 targets observed (2 min: 3, 20 s: 1)
75586606,85.4766,29.2973,8.2,G04176;G04123;G04106
247923021,88.1156,15.886,13.42,G04176;G04200;G04137;G04036;20SECONDTARGET
440765193,108.6304,13.8602,9.38,G04176

# Sector 046 targets observed (2 min: 2, 20 s: 0)
440765193,108.6304,13.8602,9.38,G04176
397558558,183.3731,10.0399,6.85,G04176;G04098;G04191

# Sector 040 targets observed (2 min: 13, 20 s: 1)
198456033,261.52,58.652,6.38,G04176
219820925,268.1057,60.3966,6.68,G04176
233067231,270.6132,60.7265,12.0,G04176
219752116,261.2179,60.4308,9.7,G04176
219897252,263.2193,71.0786,12.46,G04176
233205654,265.7687,66.9171,13.3,G04176
219114641,272.1448,69.458,11.92,G04176;G04103
229945862,288.1966,64.1769,9.34,G04176
233095291,273.0399,63.4951,11.6,G04176
383676357,279.3895,62.5269,5.78,G04176
219015049,222.9906,71.7216,11.46,G04176;G04191
383553764,263.0552,86.5868,4.36,G04176;G04125
147921014,165.1419,71.634,15.12,G04176;G04200;G04137;G04036;20SECONDTARGET

# Sector 041 targets observed (2 min: 15, 20 s: 3)
229945862,288.1966,64.1769,9.34,G04176
383676357,279.3895,62.5269,5.78,G04176
27533327,295.4653,50.5166,5.63,G04176;G04059;G04104;G04180;G04098;20SECONDTARGET
27533341,295.4526,50.5241,5.39,G04104;G04176;G04059;G04180;20SECONDTARGET
198456033,261.52,58.652,6.38,G04176
219752116,261.2179,60.4308,9.7,G04176
219820925,268.1057,60.3966,6.68,G04176
233067231,270.6132,60.7265,12.0,G04176
233075513,271.372,64.4645,12.23,G04176
233095291,273.0399,63.4951,11.6,G04176
233205654,265.7687,66.9171,13.3,G04176
219114641,272.1448,69.458,11.92,G04176;G04103
219897252,263.2193,71.0786,12.46,G04176
219015049,222.9906,71.7216,11.46,G04176;G04191
147921014,165.1419,71.634,15.12,G04176;G04200;G04137;G04036;20SECONDTARGET

# Sector 042 targets observed (2 min: 1, 20 s: 0)
381024911,37.04,8.46,4.33,G04176;G04125

# Sector 043 targets observed (2 min: 2, 20 s: 0)
381024911,37.04,8.46,4.33,G04176;G04125
75586606,85.4766,29.2973,8.2,G04176;G04123;G04106

# Sector 044 targets observed (2 min: 3, 20 s: 1)
247923021,88.1156,15.886,13.42,G04176;G04200;G04137;G04036;20SECONDTARGET
75586606,85.4766,29.2973,8.2,G04176;G04123;G04106
440765193,108.6304,13.8602,9.38,G04176

# Sector 045 targets observed (2 min: 3, 20 s: 1)
75586606,85.4766,29.2973,8.2,G04176;G04123;G04106
247923021,88.1156,15.886,13.42,G04176;G04200;G04137;G04036;20SECONDTARGET
440765193,108.6304,13.8602,9.38,G04176

# Sector 046 targets observed (2 min: 2, 20 s: 0)
440765193,108.6304,13.8602,9.38,G04176
397558558,183.3731,10.0399,6.85,G04176;G04098;G04191

# Sector 047 targets observed (2 min: 11, 20 s: 1)
147921014,165.1418,71.634,15.12,G04176;G04200;G04137;G04036;20SECONDTARGET
219015049,222.9906,71.7216,11.46,G04176;G04191
383553764,263.0552,86.5868,4.36,G04176;G04125
219114641,272.1448,69.458,11.92,G04176;G04103
233205654,265.7687,66.9171,13.3,G04176
198456033,261.52,58.652,6.38,G04176
219752116,261.2179,60.4308,9.7,G04176
219820925,268.1057,60.3966,6.68,G04176
233067231,270.6132,60.7265,12.0,G04176
229945862,288.1966,64.1769,9.34,G04176
383676357,279.3895,62.5269,5.78,G04176

# Sector 040 targets observed (2 min: 13, 20 s: 1)
198456033,261.52,58.652,6.38,G04176
219820925,268.1057,60.3966,6.68,G04176
233067231,270.6132,60.7265,12.0,G04176
219752116,261.2179,60.4308,9.7,G04176
219897252,263.2193,71.0786,12.46,G04176
233205654,265.7687,66.9171,13.3,G04176
219114641,272.1448,69.458,11.92,G04176;G04103
229945862,288.1966,64.1769,9.34,G04176
233095291,273.0399,63.4951,11.6,G04176
383676357,279.3895,62.5269,5.78,G04176
219015049,222.9906,71.7216,11.46,G04176;G04191
383553764,263.0552,86.5868,4.36,G04176;G04125
147921014,165.1419,71.634,15.12,G04176;G04200;G04137;G04036;20SECONDTARGET

# Sector 041 targets observed (2 min: 15, 20 s: 3)
229945862,288.1966,64.1769,9.34,G04176
383676357,279.3895,62.5269,5.78,G04176
27533327,295.4653,50.5166,5.63,G04176;G04059;G04104;G04180;G04098;20SECONDTARGET
27533341,295.4526,50.5241,5.39,G04104;G04176;G04059;G04180;20SECONDTARGET
198456033,261.52,58.652,6.38,G04176
219752116,261.2179,60.4308,9.7,G04176
219820925,268.1057,60.3966,6.68,G04176
233067231,270.6132,60.7265,12.0,G04176
233075513,271.372,64.4645,12.23,G04176
233095291,273.0399,63.4951,11.6,G04176
233205654,265.7687,66.9171,13.3,G04176
219114641,272.1448,69.458,11.92,G04176;G04103
219897252,263.2193,71.0786,12.46,G04176
219015049,222.9906,71.7216,11.46,G04176;G04191
147921014,165.1419,71.634,15.12,G04176;G04200;G04137;G04036;20SECONDTARGET

# Sector 042 targets observed (2 min: 1, 20 s: 0)
381024911,37.04,8.46,4.33,G04176;G04125

# Sector 043 targets observed (2 min: 2, 20 s: 0)
381024911,37.04,8.46,4.33,G04176;G04125
75586606,85.4766,29.2973,8.2,G04176;G04123;G04106

# Sector 044 targets observed (2 min: 3, 20 s: 1)
247923021,88.1156,15.886,13.42,G04176;G04200;G04137;G04036;20SECONDTARGET
75586606,85.4766,29.2973,8.2,G04176;G04123;G04106
440765193,108.6304,13.8602,9.38,G04176

# Sector 045 targets observed (2 min: 3, 20 s: 1)
75586606,85.4766,29.2973,8.2,G04176;G04123;G04106
247923021,88.1156,15.886,13.42,G04176;G04200;G04137;G04036;20SECONDTARGET
440765193,108.6304,13.8602,9.38,G04176

# Sector 046 targets observed (2 min: 2, 20 s: 0)
440765193,108.6304,13.8602,9.38,G04176
397558558,183.3731,10.0399,6.85,G04176;G04098;G04191

# Sector 047 targets observed (2 min: 11, 20 s: 1)
147921014,165.1418,71.634,15.12,G04176;G04200;G04137;G04036;20SECONDTARGET
219015049,222.9906,71.7216,11.46,G04176;G04191
383553764,263.0552,86.5868,4.36,G04176;G04125
219114641,272.1448,69.458,11.92,G04176;G04103
233205654,265.7687,66.9171,13.3,G04176
198456033,261.52,58.652,6.38,G04176
219752116,261.2179,60.4308,9.7,G04176
219820925,268.1057,60.3966,6.68,G04176
233067231,270.6132,60.7265,12.0,G04176
229945862,288.1966,64.1769,9.34,G04176
383676357,279.3895,62.5269,5.78,G04176

# Sector 040 targets observed (2 min: 13, 20 s: 1)
198456033,261.52,58.652,6.38,G04176
219820925,268.1057,60.3966,6.68,G04176
233067231,270.6132,60.7265,12.0,G04176
219752116,261.2179,60.4308,9.7,G04176
219897252,263.2193,71.0786,12.46,G04176
233205654,265.7687,66.9171,13.3,G04176
219114641,272.1448,69.458,11.92,G04176;G04103
229945862,288.1966,64.1769,9.34,G04176
233095291,273.0399,63.4951,11.6,G04176
383676357,279.3895,62.5269,5.78,G04176
219015049,222.9906,71.7216,11.46,G04176;G04191
383553764,263.0552,86.5868,4.36,G04176;G04125
147921014,165.1419,71.634,15.12,G04176;G04200;G04137;G04036;20SECONDTARGET

# Sector 041 targets observed (2 min: 15, 20 s: 3)
229945862,288.1966,64.1769,9.34,G04176
383676357,279.3895,62.5269,5.78,G04176
27533327,295.4653,50.5166,5.63,G04176;G04059;G04104;G04180;G04098;20SECONDTARGET
27533341,295.4526,50.5241,5.39,G04104;G04176;G04059;G04180;20SECONDTARGET
198456033,261.52,58.652,6.38,G04176
219752116,261.2179,60.4308,9.7,G04176
219820925,268.1057,60.3966,6.68,G04176
233067231,270.6132,60.7265,12.0,G04176
233075513,271.372,64.4645,12.23,G04176
233095291,273.0399,63.4951,11.6,G04176
233205654,265.7687,66.9171,13.3,G04176
219114641,272.1448,69.458,11.92,G04176;G04103
219897252,263.2193,71.0786,12.46,G04176
219015049,222.9906,71.7216,11.46,G04176;G04191
147921014,165.1419,71.634,15.12,G04176;G04200;G04137;G04036;20SECONDTARGET

# Sector 042 targets observed (2 min: 1, 20 s: 0)
381024911,37.04,8.46,4.33,G04176;G04125

# Sector 043 targets observed (2 min: 2, 20 s: 0)
381024911,37.04,8.46,4.33,G04176;G04125
75586606,85.4766,29.2973,8.2,G04176;G04123;G04106

# Sector 044 targets observed (2 min: 3, 20 s: 1)
247923021,88.1156,15.886,13.42,G04176;G04200;G04137;G04036;20SECONDTARGET
75586606,85.4766,29.2973,8.2,G04176;G04123;G04106
440765193,108.6304,13.8602,9.38,G04176

# Sector 045 targets observed (2 min: 3, 20 s: 1)
75586606,85.4766,29.2973,8.2,G04176;G04123;G04106
247923021,88.1156,15.886,13.42,G04176;G04200;G04137;G04036;20SECONDTARGET
440765193,108.6304,13.8602,9.38,G04176

# Sector 046 targets observed (2 min: 2, 20 s: 0)
440765193,108.6304,13.8602,9.38,G04176
397558558,183.3731,10.0399,6.85,G04176;G04098;G04191

# Sector 047 targets observed (2 min: 11, 20 s: 1)
147921014,165.1418,71.634,15.12,G04176;G04200;G04137;G04036;20SECONDTARGET
219015049,222.9906,71.7216,11.46,G04176;G04191
383553764,263.0552,86.5868,4.36,G04176;G04125
219114641,272.1448,69.458,11.92,G04176;G04103
233205654,265.7687,66.9171,13.3,G04176
198456033,261.52,58.652,6.38,G04176
219752116,261.2179,60.4308,9.7,G04176
219820925,268.1057,60.3966,6.68,G04176
233067231,270.6132,60.7265,12.0,G04176
229945862,288.1966,64.1769,9.34,G04176
383676357,279.3895,62.5269,5.78,G04176

# Sector 040 targets observed (2 min: 13, 20 s: 1)
198456033,261.52,58.652,6.38,G04176
219820925,268.1057,60.3966,6.68,G04176
233067231,270.6132,60.7265,12.0,G04176
219752116,261.2179,60.4308,9.7,G04176
219897252,263.2193,71.0786,12.46,G04176
233205654,265.7687,66.9171,13.3,G04176
219114641,272.1448,69.458,11.92,G04176;G04103
229945862,288.1966,64.1769,9.34,G04176
233095291,273.0399,63.4951,11.6,G04176
383676357,279.3895,62.5269,5.78,G04176
219015049,222.9906,71.7216,11.46,G04176;G04191
383553764,263.0552,86.5868,4.36,G04176;G04125
147921014,165.1419,71.634,15.12,G04176;G04200;G04137;G04036;20SECONDTARGET

# Sector 041 targets observed (2 min: 15, 20 s: 3)
229945862,288.1966,64.1769,9.34,G04176
383676357,279.3895,62.5269,5.78,G04176
27533327,295.4653,50.5166,5.63,G04176;G04059;G04104;G04180;G04098;20SECONDTARGET
27533341,295.4526,50.5241,5.39,G04104;G04176;G04059;G04180;20SECONDTARGET
198456033,261.52,58.652,6.38,G04176
219752116,261.2179,60.4308,9.7,G04176
219820925,268.1057,60.3966,6.68,G04176
233067231,270.6132,60.7265,12.0,G04176
233075513,271.372,64.4645,12.23,G04176
233095291,273.0399,63.4951,11.6,G04176
233205654,265.7687,66.9171,13.3,G04176
219114641,272.1448,69.458,11.92,G04176;G04103
219897252,263.2193,71.0786,12.46,G04176
219015049,222.9906,71.7216,11.46,G04176;G04191
147921014,165.1419,71.634,15.12,G04176;G04200;G04137;G04036;20SECONDTARGET

# Sector 042 targets observed (2 min: 1, 20 s: 0)
381024911,37.04,8.46,4.33,G04176;G04125

# Sector 043 targets observed (2 min: 2, 20 s: 0)
381024911,37.04,8.46,4.33,G04176;G04125
75586606,85.4766,29.2973,8.2,G04176;G04123;G04106

# Sector 044 targets observed (2 min: 3, 20 s: 1)
247923021,88.1156,15.886,13.42,G04176;G04200;G04137;G04036;20SECONDTARGET
75586606,85.4766,29.2973,8.2,G04176;G04123;G04106
440765193,108.6304,13.8602,9.38,G04176

# Sector 045 targets observed (2 min: 3, 20 s: 1)
75586606,85.4766,29.2973,8.2,G04176;G04123;G04106
247923021,88.1156,15.886,13.42,G04176;G04200;G04137;G04036;20SECONDTARGET
440765193,108.6304,13.8602,9.38,G04176

# Sector 046 targets observed (2 min: 2, 20 s: 0)
440765193,108.6304,13.8602,9.38,G04176
397558558,183.3731,10.0399,6.85,G04176;G04098;G04191

# Sector 047 targets observed (2 min: 11, 20 s: 1)
147921014,165.1418,71.634,15.12,G04176;G04200;G04137;G04036;20SECONDTARGET
219015049,222.9906,71.7216,11.46,G04176;G04191
383553764,263.0552,86.5868,4.36,G04176;G04125
219114641,272.1448,69.458,11.92,G04176;G04103
233205654,265.7687,66.9171,13.3,G04176
198456033,261.52,58.652,6.38,G04176
219752116,261.2179,60.4308,9.7,G04176
219820925,268.1057,60.3966,6.68,G04176
233067231,270.6132,60.7265,12.0,G04176
229945862,288.1966,64.1769,9.34,G04176
383676357,279.3895,62.5269,5.78,G04176

# Sector 048 targets observed (2 min: 10, 20 s: 1)
147921014,165.1418,71.634,15.12,G04176;G04200;G04137;G04036;20SECONDTARGET
219114641,272.1448,69.458,11.92,G04176;G04103
219897252,263.2193,71.0786,12.46,G04176
233205654,265.7687,66.9171,13.3,G04176
198456033,261.52,58.652,6.38,G04176
219820925,268.1057,60.3966,6.68,G04176
233067231,270.6132,60.7265,12.0,G04176
233075513,271.372,64.4645,12.23,G04176
233095291,273.0399,63.4951,11.6,G04176
229945862,288.1966,64.1769,9.34,G04176

# Sector 049 targets observed (2 min: 14, 20 s: 1)
149505899,194.2594,22.03,13.73,G04176;G04200;G04137;20SECONDTARGET
397558558,183.3731,10.0399,6.85,G04176;G04098;G04191
165370459,200.6881,44.7149,8.4,G04176
298165335,219.5636,54.0232,5.84,G04176
207440438,244.9421,55.5716,15.62,G04176
219015049,222.9906,71.7216,11.46,G04176;G04191
219094190,269.3051,67.0612,11.6,G04176
219897252,263.2193,71.0786,12.46,G04176
198456033,261.52,58.652,6.38,G04176
219752116,261.2179,60.4308,9.7,G04176
233067231,270.6132,60.7265,12.0,G04176
233075513,271.372,64.4645,12.23,G04176
233095291,273.0399,63.4951,11.6,G04176
383676357,279.3895,62.5269,5.78,G04176

# Sector 050 targets observed (2 min: 11, 20 s: 0)
298165335,219.5636,54.0232,5.84,G04176
207440438,244.9421,55.5716,15.62,G04176
219897252,263.2193,71.0786,12.46,G04176
233205654,265.7687,66.9171,13.3,G04176
198456033,261.52,58.652,6.38,G04176
219752116,261.2179,60.4308,9.7,G04176
219820925,268.1057,60.3966,6.68,G04176
233067231,270.6132,60.7265,12.0,G04176
229945862,288.1966,64.1769,9.34,G04176
383676357,279.3895,62.5269,5.78,G04176
219114641,272.1448,69.458,11.92,G04176;G04103
